fitness_function:hypersphere_fitness
num_of_variables:20
mutation_probability:0.5
crossover_probability:0.7
inversion_probability:0.4
variables_ranges_list:[(-5, 5)]
precision:8
expected_minimum:(0.0, [0.0, 0.0])
db_name:hypersphere_fitness.db
Best solution: [3.2625168173224814, -0.8214005230193964, -2.541129400526294, -0.31704800698631264, 4.687992827676229, -0.33493599419941766, -2.6019542362559163, 3.4244002200890336, 3.7918690394534433, -3.3023026662900135, -2.8371767213914327, -0.7853215148535755, -0.0358485943040332, -0.22523232291008544, 3.0344059020601275, 1.0421834476685001, -2.644227964472238, 4.643050469125669, -0.45626259917045253, -0.4080174913704555], fitness value: 72.33345295816251  best expected solution: (0.0, [0.0, 0.0])
