fitness_function:rana_fitness
num_of_variables:2
mutation_probability:0.5
crossover_probability:0.7
inversion_probability:0.4
variables_ranges_list:[(-512, 512)]
precision:8
expected_minimum:(-511.73288188661934, [-488.632577, 512])
db_name:rana_fitness.db
Best solution: [453.84053992437725, -509.4889098182138], fitness value: -509.07242838863095  best expected solution: (-511.73288188661934, [-488.632577, 512])
