fitness_function:hypersphere_fitness
num_of_variables:20
mutation_probability:0.5
crossover_probability:0.7
inversion_probability:0.4
variables_ranges_list:[(-5, 5)]
precision:10
expected_minimum:(0.0, [0.0, 0.0])
db_name:hypersphere_fitness.db
Best solution: [-0.8361297385696975, 0.7567589990922476, -1.2302004646060976, -0.6072130512301168, 2.8124567236068287, -1.3929033588384692, 0.44410120532443464, -2.140514538238789, -0.5853981291554042, -3.6933807621876866, 3.5170658008320395, -1.3042451846289933, -1.6804726752647583, 1.2564118797763983, 1.038118233307891, 0.32133531513188274, 2.916126999465022, -1.5405409165872008, 3.80197326651834, 3.811426781967832], fitness value: 70.28670540150996  best expected solution: (0.0, [0.0, 0.0])
