fitness_function:hypersphere_fitness
num_of_variables:5
mutation_probability:0.5
crossover_probability:0.7
inversion_probability:0.4
variables_ranges_list:[(-5, 5)]
precision:8
expected_minimum:(0.0, [0.0, 0.0])
db_name:hypersphere_fitness.db
Best solution: [2.032983132668755, -1.4664918617033322, -0.33672373307563674, 1.6773266407449974, 0.21967467406734364], fitness value: 1.4022845892912041  best expected solution: (0.0, [0.0, 0.0])
