fitness_function:hypersphere_fitness
num_of_variables:5
mutation_probability:0.5
crossover_probability:0.7
inversion_probability:0.4
variables_ranges_list:[(-5, 5)]
precision:8
expected_minimum:(0.0, [0.0, 0.0])
db_name:hypersphere_fitness.db
Best solution: [-0.6789894268652326, 0.5386869288409937, -0.5385207622670762, 1.2602661608348287, -1.875786955352674], fitness value: 0.907893686256573  best expected solution: (0.0, [0.0, 0.0])
