fitness_function:hypersphere_fitness
num_of_variables:20
mutation_probability:0.5
crossover_probability:0.7
inversion_probability:0.4
variables_ranges_list:[(-5, 5)]
precision:2
expected_minimum:(0.0, [0.0, 0.0])
db_name:hypersphere_fitness.db
Best solution: [4.882697947214076, 0.7282502443792769, 1.8328445747800588, 1.0899315738025415, 1.6959921798631479, 1.5200391006842624, 1.1779081133919842, -3.9149560117302054, -3.064516129032258, -1.3440860215053765, -2.732160312805474, -1.520039100684262, 0.42521994134897323, 2.3998044965786898, 2.262952101661779, -1.0899315738025415, -1.2170087976539588, 0.19061583577712593, 0.004887585532746819, 0.9726295210166178], fitness value: 41.399234994921294  best expected solution: (0.0, [0.0, 0.0])
