fitness_function:hypersphere_fitness
num_of_variables:30
mutation_probability:0.5
crossover_probability:0.7
inversion_probability:0.4
variables_ranges_list:[(-5, 5)]
precision:8
expected_minimum:(0.0, [0.0, 0.0])
db_name:hypersphere_fitness.db
Best solution: [2.064133749403184, -4.345697732032926, -4.638856015763111, -4.425703547360099, 4.039552965238274, 2.634222039612217, -1.3626996207634914, 0.8057682642766908, -0.7727555332451645, -0.8762841726432411, 3.6144404286653184, 2.5349398400028607, -4.938109526353059, -2.5097527890556983, -2.797751443272225, -3.1660156959351298, -1.1375516151427774, 1.6078801421521982, -0.8472786898233728, 1.099473206419007, 2.235508465427448, -0.14186891274700741, 0.9422425794808591, 0.5112146916903688, -2.471407109379216, -2.646631866364397, 1.0337187312857425, 0.05161850252339484, -2.987195372569557, 2.04106786012749], fitness value: 120.62049020537506  best expected solution: (0.0, [0.0, 0.0])
