fitness_function:hypersphere_fitness
num_of_variables:20
mutation_probability:0.5
crossover_probability:0.7
inversion_probability:0.4
variables_ranges_list:[(-5, 5)]
precision:8
expected_minimum:(0.0, [0.0, 0.0])
db_name:hypersphere_fitness.db
Best solution: [2.3756540449109433, 1.4040344361253405, -1.1912213323556085, 0.7459379413592986, 4.3905921088444, 0.44846600429012096, -2.6099764719698357, 2.4317707283718235, -0.8915677907798143, -1.6825996867218982, 3.0443837847974002, -0.562671456078693, 3.2329784596646007, -4.440114777013767, 1.9103046943529556, 0.7772655745756492, -0.18497725500257456, -2.2191289413898523, -1.8250904295827173, -2.6716762014400923], fitness value: 65.74956062522105  best expected solution: (0.0, [0.0, 0.0])
